1.122018e+00 2.698423e+05
1.258925e+00 2.884749e+05
1.412538e+00 3.079541e+05
1.584893e+00 3.282086e+05
1.778279e+00 3.489040e+05
1.995262e+00 3.691731e+05
2.238721e+00 3.920532e+05
2.511886e+00 4.172036e+05
2.818383e+00 4.418400e+05
3.162278e+00 4.691989e+05
3.548134e+00 4.974025e+05
3.981072e+00 5.206046e+05
4.466836e+00 5.429827e+05
5.011872e+00 5.626379e+05
5.623413e+00 5.750545e+05
6.309573e+00 5.837663e+05
7.079458e+00 5.888789e+05
7.943282e+00 5.897636e+05
8.912509e+00 5.888803e+05
1.000000e+01 5.869553e+05
1.122018e+01 5.842732e+05
1.258925e+01 5.816597e+05
1.412538e+01 5.792246e+05
1.584893e+01 5.772567e+05
1.778279e+01 5.755102e+05
1.995262e+01 5.738693e+05
2.238721e+01 5.725837e+05
2.511886e+01 5.714221e+05
2.818383e+01 5.703481e+05
3.162278e+01 5.689184e+05
3.548134e+01 5.679917e+05
3.981072e+01 5.675629e+05
4.466836e+01 5.646678e+05
5.011872e+01 5.630876e+05
5.623413e+01 5.635183e+05
6.309573e+01 5.591625e+05
7.079458e+01 5.566484e+05
7.943282e+01 5.579946e+05
8.912509e+01 5.535680e+05
1.000000e+02 5.509536e+05
1.122018e+02 5.531195e+05
1.258925e+02 5.498333e+05
1.412538e+02 5.480397e+05
1.584893e+02 5.508978e+05
1.778279e+02 5.492727e+05
1.995262e+02 5.488087e+05
2.238721e+02 5.523267e+05
2.511886e+02 5.524577e+05
2.818383e+02 5.535260e+05
3.162278e+02 5.578173e+05
3.548134e+02 5.596493e+05
3.981072e+02 5.622882e+05
4.466836e+02 5.675642e+05
5.011872e+02 5.709683e+05
5.623413e+02 5.751578e+05
6.309573e+02 5.816771e+05
7.079458e+02 5.866567e+05
7.943282e+02 5.924395e+05
8.912509e+02 6.003935e+05
1.000000e+03 6.069222e+05
1.122018e+03 6.143106e+05
1.258925e+03 6.238110e+05
1.412538e+03 6.318151e+05
1.584893e+03 6.407889e+05
1.778279e+03 6.518475e+05
1.995262e+03 6.611835e+05
2.238721e+03 6.716608e+05
2.511886e+03 6.841794e+05
2.818383e+03 6.945972e+05
3.162278e+03 7.064005e+05
3.548134e+03 7.201302e+05
3.981072e+03 7.312350e+05
4.466836e+03 7.440378e+05
5.011872e+03 7.585461e+05
5.623413e+03 7.697559e+05
6.309573e+03 7.830401e+05
7.079458e+03 7.976622e+05
7.943282e+03 8.081724e+05
8.912509e+03 8.211831e+05
