1.122018e+00 3.224829e+05
1.258925e+00 3.412810e+05
1.412538e+00 3.610361e+05
1.584893e+00 3.817169e+05
1.778279e+00 4.028380e+05
1.995262e+00 4.231164e+05
2.238721e+00 4.467461e+05
2.511886e+00 4.731797e+05
2.818383e+00 4.986510e+05
3.162278e+00 5.276041e+05
3.548134e+00 5.577677e+05
3.981072e+00 5.818259e+05
4.466836e+00 6.053231e+05
5.011872e+00 6.260434e+05
5.623413e+00 6.384471e+05
6.309573e+00 6.468900e+05
7.079458e+00 6.514750e+05
7.943282e+00 6.513749e+05
8.912509e+00 6.494573e+05
1.000000e+01 6.465327e+05
1.122018e+01 6.428967e+05
1.258925e+01 6.394894e+05
1.412538e+01 6.364186e+05
1.584893e+01 6.339963e+05
1.778279e+01 6.319383e+05
1.995262e+01 6.301002e+05
2.238721e+01 6.287581e+05
2.511886e+01 6.276444e+05
2.818383e+01 6.267143e+05
3.162278e+01 6.254696e+05
3.548134e+01 6.248560e+05
3.981072e+01 6.248624e+05
4.466836e+01 6.222098e+05
5.011872e+01 6.210512e+05
5.623413e+01 6.221457e+05
6.309573e+01 6.180110e+05
7.079458e+01 6.159095e+05
7.943282e+01 6.180409e+05
8.912509e+01 6.138421e+05
1.000000e+02 6.116082e+05
1.122018e+02 6.145805e+05
1.258925e+02 6.115633e+05
1.412538e+02 6.101490e+05
1.584893e+02 6.137933e+05
1.778279e+02 6.125139e+05
1.995262e+02 6.124860e+05
2.238721e+02 6.167975e+05
2.511886e+02 6.173958e+05
2.818383e+02 6.190150e+05
3.162278e+02 6.241671e+05
3.548134e+02 6.266075e+05
3.981072e+02 6.299496e+05
4.466836e+02 6.362224e+05
5.011872e+02 6.404277e+05
5.623413e+02 6.455228e+05
6.309573e+02 6.532209e+05
7.079458e+02 6.592231e+05
7.943282e+02 6.661350e+05
8.912509e+02 6.754829e+05
1.000000e+03 6.832589e+05
1.122018e+03 6.920109e+05
1.258925e+03 7.031354e+05
1.412538e+03 7.126109e+05
1.584893e+03 7.231872e+05
1.778279e+03 7.361117e+05
1.995262e+03 7.471330e+05
2.238721e+03 7.594506e+05
2.511886e+03 7.740709e+05
2.818383e+03 7.863635e+05
3.162278e+03 8.002276e+05
3.548134e+03 8.162713e+05
3.981072e+03 8.293914e+05
4.466836e+03 8.444358e+05
5.011872e+03 8.614159e+05
5.623413e+03 8.747053e+05
6.309573e+03 8.903459e+05
7.079458e+03 9.075077e+05
7.943282e+03 9.200499e+05
8.912509e+03 9.354247e+05
