1.122018e+00 2.211531e+05
1.258925e+00 2.357969e+05
1.412538e+00 2.512517e+05
1.584893e+00 2.674878e+05
1.778279e+00 2.842091e+05
1.995262e+00 3.006381e+05
2.238721e+00 3.194280e+05
2.511886e+00 3.402632e+05
2.818383e+00 3.607630e+05
3.162278e+00 3.837187e+05
3.548134e+00 4.076045e+05
3.981072e+00 4.276180e+05
4.466836e+00 4.472507e+05
5.011872e+00 4.649765e+05
5.623413e+00 4.771149e+05
6.309573e+00 4.865147e+05
7.079458e+00 4.932408e+05
7.943282e+00 4.967650e+05
8.912509e+00 4.990361e+05
1.000000e+01 5.006198e+05
1.122018e+01 5.017334e+05
1.258925e+01 5.030290e+05
1.412538e+01 5.045916e+05
1.584893e+01 5.066511e+05
1.778279e+01 5.090131e+05
1.995262e+01 5.115923e+05
2.238721e+01 5.145920e+05
2.511886e+01 5.178298e+05
2.818383e+01 5.212811e+05
3.162278e+01 5.245840e+05
3.548134e+01 5.284282e+05
3.981072e+01 5.327985e+05
4.466836e+01 5.352418e+05
5.011872e+01 5.388464e+05
5.623413e+01 5.441617e+05
6.309573e+01 5.454815e+05
7.079458e+01 5.483388e+05
7.943282e+01 5.543997e+05
8.912509e+01 5.554628e+05
1.000000e+02 5.580036e+05
1.122018e+02 5.645586e+05
1.258925e+02 5.662771e+05
1.412538e+02 5.692329e+05
1.584893e+02 5.762103e+05
1.778279e+02 5.791593e+05
1.995262e+02 5.831416e+05
2.238721e+02 5.907055e+05
2.511886e+02 5.952070e+05
2.818383e+02 6.006175e+05
3.162278e+02 6.090879e+05
3.548134e+02 6.152576e+05
3.981072e+02 6.223246e+05
4.466836e+02 6.320988e+05
5.011872e+02 6.401342e+05
5.623413e+02 6.490886e+05
6.309573e+02 6.605276e+05
7.079458e+02 6.705482e+05
7.943282e+02 6.815473e+05
8.912509e+02 6.949379e+05
1.000000e+03 7.070189e+05
1.122018e+03 7.201733e+05
1.258925e+03 7.357241e+05
1.412538e+03 7.498804e+05
1.584893e+03 7.652635e+05
1.778279e+03 7.830762e+05
1.995262e+03 7.992341e+05
2.238721e+03 8.168419e+05
2.511886e+03 8.368796e+05
2.818383e+03 8.548187e+05
3.162278e+03 8.745084e+05
3.548134e+03 8.965427e+05
3.981072e+03 9.158366e+05
4.466836e+03 9.372598e+05
5.011872e+03 9.607978e+05
5.623413e+03 9.807403e+05
6.309573e+03 1.003263e+06
7.079458e+03 1.027465e+06
7.943282e+03 1.047006e+06
8.912509e+03 1.069624e+06
