1.122018e+00 2.940932e+05
1.258925e+00 3.112454e+05
1.412538e+00 3.292668e+05
1.584893e+00 3.481312e+05
1.778279e+00 3.673948e+05
1.995262e+00 3.858878e+05
2.238721e+00 4.074328e+05
2.511886e+00 4.315290e+05
2.818383e+00 4.547430e+05
3.162278e+00 4.811240e+05
3.548134e+00 5.086008e+05
3.981072e+00 5.304983e+05
4.466836e+00 5.518690e+05
5.011872e+00 5.706910e+05
5.623413e+00 5.819089e+05
6.309573e+00 5.894908e+05
7.079458e+00 5.935291e+05
7.943282e+00 5.932640e+05
8.912509e+00 5.913070e+05
1.000000e+01 5.883923e+05
1.122018e+01 5.847874e+05
1.258925e+01 5.813397e+05
1.412538e+01 5.781413e+05
1.584893e+01 5.754704e+05
1.778279e+01 5.730546e+05
1.995262e+01 5.707567e+05
2.238721e+01 5.688110e+05
2.511886e+01 5.669634e+05
2.818383e+01 5.651569e+05
3.162278e+01 5.629230e+05
3.548134e+01 5.611126e+05
3.981072e+01 5.596970e+05
4.466836e+01 5.556765e+05
5.011872e+01 5.528318e+05
5.623413e+01 5.518487e+05
6.309573e+01 5.458999e+05
7.079458e+01 5.416154e+05
7.943282e+01 5.410096e+05
8.912509e+01 5.344573e+05
1.000000e+02 5.295391e+05
1.122018e+02 5.292258e+05
1.258925e+02 5.233244e+05
1.412538e+02 5.187750e+05
1.584893e+02 5.187439e+05
1.778279e+02 5.141407e+05
1.995262e+02 5.106061e+05
2.238721e+02 5.109636e+05
2.511886e+02 5.078764e+05
2.818383e+02 5.056628e+05
3.162278e+02 5.066079e+05
3.548134e+02 5.050391e+05
3.981072e+02 5.042257e+05
4.466836e+02 5.059877e+05
5.011872e+02 5.058421e+05
5.623413e+02 5.064097e+05
6.309573e+02 5.091925e+05
7.079458e+02 5.104121e+05
7.943282e+02 5.123326e+05
8.912509e+02 5.162594e+05
1.000000e+03 5.187451e+05
1.122018e+03 5.219585e+05
1.258925e+03 5.270696e+05
1.412538e+03 5.306926e+05
1.584893e+03 5.351161e+05
1.778279e+03 5.413710e+05
1.995262e+03 5.459502e+05
2.238721e+03 5.514651e+05
2.511886e+03 5.587326e+05
2.818383e+03 5.640154e+05
3.162278e+03 5.704308e+05
3.548134e+03 5.784715e+05
3.981072e+03 5.841064e+05
4.466836e+03 5.911327e+05
5.011872e+03 5.995798e+05
5.623413e+03 6.050928e+05
6.309573e+03 6.123137e+05
7.079458e+03 6.206446e+05
7.943282e+03 6.254275e+05
8.912509e+03 6.322808e+05
