1.122018e+00 3.090765e+05
1.258925e+00 3.266976e+05
1.412538e+00 3.452033e+05
1.584893e+00 3.645684e+05
1.778279e+00 3.843174e+05
1.995262e+00 4.032014e+05
2.238721e+00 4.252898e+05
2.511886e+00 4.500471e+05
2.818383e+00 4.738174e+05
3.162278e+00 5.009219e+05
3.548134e+00 5.291819e+05
3.981072e+00 5.515362e+05
4.466836e+00 5.733740e+05
5.011872e+00 5.925800e+05
5.623413e+00 6.038207e+05
6.309573e+00 6.113079e+05
7.079458e+00 6.151457e+05
7.943282e+00 6.145384e+05
8.912509e+00 6.122461e+05
1.000000e+01 6.090501e+05
1.122018e+01 6.052391e+05
1.258925e+01 6.017249e+05
1.412538e+01 5.986156e+05
1.584893e+01 5.962261e+05
1.778279e+01 5.942949e+05
1.995262e+01 5.927028e+05
2.238721e+01 5.917265e+05
2.511886e+01 5.911368e+05
2.818383e+01 5.909109e+05
3.162278e+01 5.906021e+05
3.548134e+01 5.911341e+05
3.981072e+01 5.925200e+05
4.466836e+01 5.916870e+05
5.011872e+01 5.925786e+05
5.623413e+01 5.959283e+05
6.309573e+01 5.947015e+05
7.079458e+01 5.957348e+05
7.943282e+01 6.010948e+05
8.912509e+01 6.008610e+05
1.000000e+02 6.027899e+05
1.122018e+02 6.098963e+05
1.258925e+02 6.116965e+05
1.412538e+02 6.152477e+05
1.584893e+02 6.237521e+05
1.778279e+02 6.278950e+05
1.995262e+02 6.333999e+05
2.238721e+02 6.431215e+05
2.511886e+02 6.495850e+05
2.818383e+02 6.571659e+05
3.162278e+02 6.681916e+05
3.548134e+02 6.768883e+05
3.981072e+02 6.865972e+05
4.466836e+02 6.992219e+05
5.011872e+02 7.100926e+05
5.623413e+02 7.220180e+05
6.309573e+02 7.366615e+05
7.079458e+02 7.498908e+05
7.943282e+02 7.642563e+05
8.912509e+02 7.812769e+05
1.000000e+03 7.969976e+05
1.122018e+03 8.139824e+05
1.258925e+03 8.336581e+05
1.412538e+03 8.519419e+05
1.584893e+03 8.716778e+05
1.778279e+03 8.941739e+05
1.995262e+03 9.149872e+05
2.238721e+03 9.375145e+05
2.511886e+03 9.628331e+05
2.818383e+03 9.859707e+05
3.162278e+03 1.011174e+06
3.548134e+03 1.039092e+06
3.981072e+03 1.064099e+06
4.466836e+03 1.091606e+06
5.011872e+03 1.121582e+06
5.623413e+03 1.147657e+06
6.309573e+03 1.176741e+06
7.079458e+03 1.207805e+06
7.943282e+03 1.233707e+06
8.912509e+03 1.263182e+06
