1.122018e+00 6.839437e+05
1.258925e+00 7.300662e+05
1.412538e+00 7.746322e+05
1.584893e+00 8.171814e+05
1.778279e+00 8.574193e+05
1.995262e+00 8.944938e+05
2.238721e+00 9.275899e+05
2.511886e+00 9.574648e+05
2.818383e+00 9.833461e+05
3.162278e+00 1.006050e+06
3.548134e+00 1.025864e+06
3.981072e+00 1.042039e+06
4.466836e+00 1.055290e+06
5.011872e+00 1.067105e+06
5.623413e+00 1.075090e+06
6.309573e+00 1.079209e+06
7.079458e+00 1.081388e+06
7.943282e+00 1.079743e+06
8.912509e+00 1.074489e+06
1.000000e+01 1.069717e+06
1.122018e+01 1.064537e+06
1.258925e+01 1.059489e+06
1.412538e+01 1.058220e+06
1.584893e+01 1.060149e+06
1.778279e+01 1.063413e+06
1.995262e+01 1.070229e+06
2.238721e+01 1.078529e+06
2.511886e+01 1.083530e+06
2.818383e+01 1.086885e+06
3.162278e+01 1.087367e+06
3.548134e+01 1.081460e+06
3.981072e+01 1.072422e+06
4.466836e+01 1.064014e+06
5.011872e+01 1.055874e+06
5.623413e+01 1.049239e+06
6.309573e+01 1.043764e+06
7.079458e+01 1.036908e+06
7.943282e+01 1.033928e+06
8.912509e+01 1.030877e+06
1.000000e+02 1.025399e+06
1.122018e+02 1.025863e+06
1.258925e+02 1.024691e+06
1.412538e+02 1.021252e+06
1.584893e+02 1.024107e+06
1.778279e+02 1.024422e+06
1.995262e+02 1.022125e+06
2.238721e+02 1.026171e+06
2.511886e+02 1.027860e+06
2.818383e+02 1.025976e+06
3.162278e+02 1.029994e+06
3.548134e+02 1.032611e+06
3.981072e+02 1.032020e+06
4.466836e+02 1.036005e+06
5.011872e+02 1.038535e+06
5.623413e+02 1.040387e+06
6.309573e+02 1.044340e+06
7.079458e+02 1.046565e+06
7.943282e+02 1.049035e+06
8.912509e+02 1.053596e+06
1.000000e+03 1.056100e+06
1.122018e+03 1.058686e+06
1.258925e+03 1.063559e+06
1.412538e+03 1.066610e+06
1.584893e+03 1.069472e+06
1.778279e+03 1.074377e+06
1.995262e+03 1.078286e+06
2.238721e+03 1.081689e+06
2.511886e+03 1.086275e+06
2.818383e+03 1.090606e+06
3.162278e+03 1.094597e+06
3.548134e+03 1.098893e+06
3.981072e+03 1.102970e+06
4.466836e+03 1.107261e+06
5.011872e+03 1.111173e+06
5.623413e+03 1.114040e+06
6.309573e+03 1.117634e+06
7.079458e+03 1.120694e+06
7.943282e+03 1.121506e+06
8.912509e+03 1.122743e+06
