1.122018e+00 6.992941e+05
1.258925e+00 7.461964e+05
1.412538e+00 7.914611e+05
1.584893e+00 8.346160e+05
1.778279e+00 8.753598e+05
1.995262e+00 9.128342e+05
2.238721e+00 9.462045e+05
2.511886e+00 9.762381e+05
2.818383e+00 1.002162e+06
3.162278e+00 1.024820e+06
3.548134e+00 1.044499e+06
3.981072e+00 1.060448e+06
4.466836e+00 1.073408e+06
5.011872e+00 1.084899e+06
5.623413e+00 1.092498e+06
6.309573e+00 1.096184e+06
7.079458e+00 1.097923e+06
7.943282e+00 1.095821e+06
8.912509e+00 1.090108e+06
1.000000e+01 1.084950e+06
1.122018e+01 1.079471e+06
1.258925e+01 1.074234e+06
1.412538e+01 1.072952e+06
1.584893e+01 1.075048e+06
1.778279e+01 1.078648e+06
1.995262e+01 1.086031e+06
2.238721e+01 1.095099e+06
2.511886e+01 1.101012e+06
2.818383e+01 1.105514e+06
3.162278e+01 1.107337e+06
3.548134e+01 1.102927e+06
3.981072e+01 1.095706e+06
4.466836e+01 1.089418e+06
5.011872e+01 1.083708e+06
5.623413e+01 1.079980e+06
6.309573e+01 1.077763e+06
7.079458e+01 1.074476e+06
7.943282e+01 1.075611e+06
8.912509e+01 1.077024e+06
1.000000e+02 1.076281e+06
1.122018e+02 1.082041e+06
1.258925e+02 1.086443e+06
1.412538e+02 1.088739e+06
1.584893e+02 1.097865e+06
1.778279e+02 1.104606e+06
1.995262e+02 1.108713e+06
2.238721e+02 1.119651e+06
2.511886e+02 1.128264e+06
2.818383e+02 1.133094e+06
3.162278e+02 1.144312e+06
3.548134e+02 1.154138e+06
3.981072e+02 1.160490e+06
4.466836e+02 1.171951e+06
5.011872e+02 1.181924e+06
5.623413e+02 1.191072e+06
6.309573e+02 1.202783e+06
7.079458e+02 1.212680e+06
7.943282e+02 1.222758e+06
8.912509e+02 1.235406e+06
1.000000e+03 1.245873e+06
1.122018e+03 1.256347e+06
1.258925e+03 1.269636e+06
1.412538e+03 1.280995e+06
1.584893e+03 1.292042e+06
1.778279e+03 1.305680e+06
1.995262e+03 1.318301e+06
2.238721e+03 1.330228e+06
2.511886e+03 1.343812e+06
2.818383e+03 1.357202e+06
3.162278e+03 1.370063e+06
3.548134e+03 1.383583e+06
3.981072e+03 1.396901e+06
4.466836e+03 1.410325e+06
5.011872e+03 1.423564e+06
5.623413e+03 1.435538e+06
6.309573e+03 1.448207e+06
7.079458e+03 1.460405e+06
7.943282e+03 1.469739e+06
8.912509e+03 1.479322e+06
