1.122018e+00 7.181923e+05
1.258925e+00 7.660494e+05
1.412538e+00 8.121684e+05
1.584893e+00 8.560629e+05
1.778279e+00 8.974232e+05
1.995262e+00 9.353843e+05
2.238721e+00 9.690872e+05
2.511886e+00 9.993126e+05
2.818383e+00 1.025287e+06
3.162278e+00 1.047889e+06
3.548134e+00 1.067406e+06
3.981072e+00 1.083085e+06
4.466836e+00 1.095702e+06
5.011872e+00 1.106814e+06
5.623413e+00 1.113968e+06
6.309573e+00 1.117160e+06
7.079458e+00 1.118413e+06
7.943282e+00 1.115819e+06
8.912509e+00 1.109635e+06
1.000000e+01 1.104121e+06
1.122018e+01 1.098425e+06
1.258925e+01 1.093148e+06
1.412538e+01 1.092089e+06
1.584893e+01 1.094679e+06
1.778279e+01 1.099041e+06
1.995262e+01 1.107550e+06
2.238721e+01 1.118064e+06
2.511886e+01 1.125688e+06
2.818383e+01 1.132306e+06
3.162278e+01 1.136591e+06
3.548134e+01 1.134953e+06
3.981072e+01 1.131066e+06
4.466836e+01 1.128630e+06
5.011872e+01 1.127302e+06
5.623413e+01 1.128770e+06
6.309573e+01 1.132361e+06
7.079458e+01 1.135443e+06
7.943282e+01 1.143897e+06
8.912509e+01 1.153270e+06
1.000000e+02 1.161014e+06
1.122018e+02 1.176276e+06
1.258925e+02 1.190742e+06
1.412538e+02 1.203477e+06
1.584893e+02 1.224074e+06
1.778279e+02 1.242684e+06
1.995262e+02 1.258766e+06
2.238721e+02 1.282691e+06
2.511886e+02 1.304522e+06
2.818383e+02 1.322386e+06
3.162278e+02 1.347693e+06
3.548134e+02 1.371825e+06
3.981072e+02 1.392206e+06
4.466836e+02 1.418872e+06
5.011872e+02 1.444212e+06
5.623413e+02 1.468642e+06
6.309573e+02 1.496740e+06
7.079458e+02 1.523113e+06
7.943282e+02 1.549725e+06
8.912509e+02 1.580086e+06
1.000000e+03 1.608301e+06
1.122018e+03 1.636565e+06
1.258925e+03 1.668952e+06
1.412538e+03 1.699490e+06
1.584893e+03 1.729675e+06
1.778279e+03 1.763834e+06
1.995262e+03 1.797239e+06
2.238721e+03 1.829771e+06
2.511886e+03 1.865268e+06
2.818383e+03 1.900986e+06
3.162278e+03 1.935976e+06
3.548134e+03 1.972753e+06
3.981072e+03 2.009651e+06
4.466836e+03 2.046575e+06
5.011872e+03 2.084156e+06
5.623413e+03 2.120294e+06
6.309573e+03 2.157144e+06
7.079458e+03 2.194060e+06
7.943282e+03 2.227061e+06
8.912509e+03 2.259931e+06
